community 0
[3, 4, 6, 7, 8, 84, 93, 116, 122, 150, 151, 154, 159, 166, 167, 168, 183, 184, 185, 186, 187, 188, 191, 192, 203, 204, 205, 206, 207, 208, 210, 212, 213, 214, 217, 219, 220, 221, 222, 223, 224, 225, 227, 228, 229, 230, 231, 232, 233, 234, 235, 236, 237, 238, 239, 240, 241, 242, 243, 244, 245, 246, 247, 248, 249, 250, 251, 252, 253, 257, 261, 263, 264, 265, 266, 267, 268, 269, 270, 271, 272, 273, 274, 275, 276, 277, 278, 279, 280, 281, 282, 283, 284, 285, 286, 287, 288, 289, 290, 291, 293, 294, 295, 296, 297, 299, 300, 301, 302, 303, 304, 305, 306, 307, 308, 309, 310, 311, 312, 313, 314, 315, 317, 318, 319, 320, 321, 322, 323, 324, 325, 326, 327, 328, 329, 330, 332, 333, 334, 335, 336, 337, 338, 339, 340, 341, 342, 343, 344, 345, 346, 347, 348, 350, 351, 352, 357, 359, 360, 361, 363, 365, 367, 370, 371, 372, 373, 375, 376, 377, 378, 379, 380, 381, 383, 384, 385, 390, 391, 392, 393, 394, 395, 400, 403, 408, 418, 419, 464, 466, 468, 472, 474, 475, 476, 477, 478, 479, 480, 481, 482, 485, 487, 488, 489, 490, 491, 493, 494, 495, 497, 499, 505, 506, 507, 508, 510, 511, 512, 513, 514, 515, 516, 519, 520, 521, 522]



community 1
[0, 1, 2, 5, 14, 15, 16, 17, 18, 19, 20, 21, 22, 23, 24, 25, 26, 27, 28, 29, 48, 49, 50, 51, 52, 53, 54, 55, 56, 57, 58, 59, 60, 61, 62, 63, 64, 65, 66, 67, 68, 69, 70, 71, 72, 73, 74, 75, 76, 77, 78, 79, 80, 81, 82, 83, 90, 92, 94, 95, 96, 97, 98, 99, 100, 101, 102, 104, 105, 106, 107, 108, 109, 111, 113, 117, 131, 132, 133, 134, 135, 137, 138, 139, 140, 141, 142, 143, 144, 145, 146, 147, 160, 161, 162, 163, 164, 179, 180, 181, 182, 189, 199, 356, 420, 423, 430, 431, 432, 433, 434, 435, 436, 437, 438, 439, 441, 442, 447, 448, 452, 453, 454, 456, 461, 463]



community 2
[30, 31, 32, 33, 34, 35, 36, 37, 38, 39, 40, 41, 42, 43, 112, 114, 115, 118, 119, 120, 121, 123, 124, 125, 126, 127, 128, 129, 130, 136, 149, 153, 158, 169, 170, 171, 172, 173, 174, 175, 176, 177, 178, 200, 201, 202, 421, 422, 424, 425, 426, 427, 428, 429, 443, 444, 445, 446, 449, 450, 451, 455, 458, 459, 460, 462, 465]



community 3
[9, 10, 11, 12, 13, 46, 47, 85, 86, 87, 88, 89, 91, 148, 152, 156, 157, 165, 190, 193, 194, 195, 196, 197, 198, 215, 216, 218, 298, 316, 331, 364, 382, 386, 387, 388, 389, 397, 398, 399, 401, 404, 405, 406, 407, 409, 410, 411, 412, 413, 414, 415, 416, 417, 457, 471, 473, 483, 486, 492, 517]



community 4
[103, 110, 155, 209, 211, 226, 254, 255, 256, 258, 259, 260, 262, 292, 349, 355, 362, 366, 368, 369, 374, 396, 440, 467, 469, 470, 484, 496, 498, 509, 518]



community 5
[358, 402, 500, 501, 502, 503, 504]



community 6
[44, 45, 353, 354]



